100 4
1 -9.388963385621794
2 1.7532794534871956
3 -1.2680330035019143
4 6.621399432004741
5 -8.284466960980229
6 -6.9879705908596454
7 -1.190181113881727
8 7.808366608824996
9 -0.8926133730593202
10 -2.2932826762736944
11 -7.293736978834531
12 -0.694035077716098
13 -5.294214122030505
14 4.805702027313146
15 5.205698024659067
16 7.005764222320756
17 -8.894105036386497
18 1.2060875306792622
19 -8.593658506952282
20 -5.093341689020338
21 -6.6929588922984875
22 4.9074945591337045
23 3.5080248701816643
24 4.40863981922063
25 0.8093488604159268
26 5.810163278867206
27 4.711096397343989
28 -1.5878361637537477
29 -8.086616169216324
30 9.614777611483282
31 -6.883630143812686
32 0.8181892238235444
33 -5.579731017474738
34 0.4226477472417658
35 3.5253703449029765
36 -7.171511171422542
37 1.132063665993771
38 6.036165132395379
39 5.840874943101227
40 5.846288167500778
41 -9.54748452629642
42 3.4596857619009094
43 -4.8320507450695
44 1.677481126860441
45 4.088485764975168
46 1.2012017777698054
47 5.415907881931259
48 3.1329298253891804
49 -7.0473514679496985
50 -5.124490312391361
51 -5.197964974171162
52 -4.767164377908258
53 -8.931372442850567
54 -1.5897496193984475
55 -2.4413111174753386
56 -7.184901224720148
57 2.680836998547414
58 3.3574974923704186
59 9.446953439333509
60 5.751407162602446
61 9.073449086931408
62 3.21612743148878
63 0.8830306142945508
64 9.278384717535605
65 -8.292831197853273
66 0.2752513820610938
67 -1.5104480107710079
68 -0.6417675013079789
69 10.990923761110476
70 -6.501005865083824
71 -0.8041322464065992
72 -3.80259815648588
73 7.822334169648631
74 0.49281378448091484
75 13.235030754189488
76 6.679963512726404
77 7.564266040893333
78 10.331321293784654
79 21.43249233728672
80 22.528608659434095
81 29.991732282562474
82 19.307256841039468
83 35.376402974168954
84 34.11918553403702
85 43.97794260534089
86 38.92153363492777
87 44.75033461843569
88 59.202182942390664
89 80.65945391249491
90 82.15748614569884
91 103.59461498110576
92 131.04412320815854
93 138.66847831763357
94 183.6362970637603
95 208.0425636727093
96 238.2327302829416
97 296.13145043582534
98 351.4768425767478
99 414.76135527926937
100 485.38051489829974